[0, 6, 7, 2, 9, 4, 3, 8, 1]
[0, 6, 1, 8, 3, 4, 9, 2, 7]
[0, 4, 3, 8, 1, 6, 7, 2, 9]
[0, 4, 9, 2, 7, 6, 1, 8, 3]
[1, 8, 3, 4, 9, 2, 7, 6, 0]
[1, 8, 3, 4, 0, 6, 7, 2, 9]
[1, 6, 7, 2, 9, 4, 3, 8]
[1, 6, 7, 2, 9, 4, 0]
[1, 6, 0, 4, 3, 8]
[1, 6, 0, 4, 9, 2, 7]
[2, 9, 4, 3, 8, 1, 6, 7]
[2, 9, 4, 3, 8, 1, 6, 0]
[2, 9, 4, 0, 6, 7]
[2, 9, 4, 0, 6, 1, 8, 3]
[2, 7, 6, 1, 8, 3, 4, 9]
[2, 7, 6, 1, 8, 3, 4, 0]
[2, 7, 6, 0, 4, 3, 8, 1]
[2, 7, 6, 0, 4, 9]
[3, 8, 1, 6, 7, 2, 9, 4, 0]
[3, 8, 1, 6, 0, 4, 9, 2, 7]
[3, 4, 9, 2, 7, 6, 1, 8]
[3, 4, 9, 2, 7, 6, 0]
[3, 4, 0, 6, 7, 2, 9]
[3, 4, 0, 6, 1, 8]
[4, 0, 6, 7, 2, 9]
[4, 0, 6, 1, 8, 3]
[4, 9, 2, 7, 6, 1, 8, 3]
[4, 9, 2, 7, 6, 0]
[4, 3, 8, 1, 6, 7, 2, 9]
[4, 3, 8, 1, 6, 0]
[6, 0, 4, 3, 8, 1]
[6, 0, 4, 9, 2, 7]
[6, 7, 2, 9, 4, 3, 8, 1]
[6, 7, 2, 9, 4, 0]
[6, 1, 8, 3, 4, 9, 2, 7]
[6, 1, 8, 3, 4, 0]
[7, 6, 1, 8, 3, 4, 9, 2]
[7, 6, 1, 8, 3, 4, 0]
[7, 6, 0, 4, 3, 8, 1]
[7, 6, 0, 4, 9, 2]
[7, 2, 9, 4, 3, 8, 1, 6, 0]
[7, 2, 9, 4, 0, 6, 1, 8, 3]
[8, 3, 4, 9, 2, 7, 6, 1]
[8, 3, 4, 9, 2, 7, 6, 0]
[8, 3, 4, 0, 6, 7, 2, 9]
[8, 3, 4, 0, 6, 1]
[8, 1, 6, 7, 2, 9, 4, 3]
[8, 1, 6, 7, 2, 9, 4, 0]
[8, 1, 6, 0, 4, 3]
[8, 1, 6, 0, 4, 9, 2, 7]
[9, 4, 3, 8, 1, 6, 7, 2]
[9, 4, 3, 8, 1, 6, 0]
[9, 4, 0, 6, 7, 2]
[9, 4, 0, 6, 1, 8, 3]
[9, 2, 7, 6, 1, 8, 3, 4, 0]
[9, 2, 7, 6, 0, 4, 3, 8, 1]